394
1203
2395
3782
4961
6029
7087
8010
9132
10245
11120
12084
13001
14126
15239
16104
17039
18155
19126
20149
21089
22211
23174
24123
25108
26115
27007
28006
29101
30154
31021
32225
33138
34179
35208
36120
37051
38105
39139
40163
41302
42237
43314
44047
45301
46012
47125
48047
49209
50196
51100
52065
53115
54137
55109
56128
57213
58276
59282
60170
61315
62168
63107
64207
65140
66095
67219
68178
69105
70092
71131
72183
73157
74114
75201
76199
77014
78112
79121
80198
81247
82174
83201
84121
85215
86210
87092
88123
89156
90133
91226
92009
93107
94132
95154
96201
97128
98051
99102
99999