  17  17   2  -7  -8  -5 -11 -15  -8  -7  -8  -3   3   9
   3   9   9  -6  -4  -7 -15 -26 -19  -3   0  -3  -3   7
   3  -4   2  -5   2  -9 -15 -23 -12  -1   1  -1   3   3
  -3  -5  -1   5   8  -3 -10  -4   6   9  -4   1  12   7
  -8  -8   6  16  17   2   3   5   8   7  10  10  11   7
  -4   2  10  20  16   3  -4   4   7  10  15   9   4  -5
   2   2   8   8   1  -7  -4   1  12   6   5   4   6   1
  10   4  -1  -6 -10  -6   6   7   5  -1  -1   4  14  10
   9  12   2 -10  -8   3   4   3   4   2   4   7  14   7
   4  14  -1 -13  -9  -2  -1  -7   2   5   7  12  21  14
   6   2  -1 -11 -12   0   3   9  14   5  -1   2  16  12
   3  -2   3   1   0   2  13  24  22  10  -7 -10  -2  -5
  -1  -1   8  12   6   5  12  19  16   8   3  -5  -9 -14
  -6  -8   3   8   4   6   3   7   5   5   9   5   0 -11
