   4   4  -3   4 -10   5  -7   6   6  -9  -2  -2   7   6 -10  -8
   4  10   9  -2  -6  -2   0  -7  -9   3  -1 -10  -5   4   6   9
  -4  -8   6   7   1  -8   7  -5  -9  -7   1   8  -3  -6   0   6
  -2   5  -3  -8   3  -6   3  -9  -9  -7  -5   4  -3   2   6 -10
   5  -7  10 -10  10  -2   2  -9   0   9   9  -7  -7   8   3  -9
  -5  -2 -10   1   5   9  -7   9   1   1  -5   8   2   5   6   2
 -10   4   2   3   6   9   2  -9   6  -5   6   5   6  -3  -4  -3
  10  -8   2   2   7  -3  -3  -3  -1   9   8 -10   7  -7   2  -6
   4   7  -3  -5  -2  -8  -6   7   0  -5  -3  -4   4  10   7   8
  -6   7   3   8  -7  -1   7   0   5   5   4   0  -5   3  -5  -8
  -2  -5   8  -1 -10   0   0  -3  -9  -7   6  -2  10   8  10  -3
   5   5  -2   6  -9 -10   5  -5   6   4   4  -6   0   6   7   1
   4  -8  -1  -2   3   3  -3  10   8  10   5  -7  -8   1  -4  -8
   6  -1   9  -6  10   0  -7   8  -5   7  -2   2   3  -8   1  -4
  -7  -7  -8   8   5   0   3   5   7   4   4  -5   9  -6  -6  -5
   8   8  -9  -8  -8   6  -4  -5 -10 -10   2   3   8  -3   7   6
