   4   0   0   0   7   6   0   0   0   0   1   7   8  13
   0   0   0   0   0   0   3   4  10  10   4   0   8  23
   0   0   0   0   0   0   5   8  12   9   0   0   0  12
   0   0   0   1   0   8   0   0  10   9   0   0   0   0
   0   0   0   6  10  11   4   3   6  12   7   1  10   0
   0   0   0   8   5   1   0   0   1   5   8   8  12   2
   0   0   0   4   0   0   0   0   0   0   0   0   0   0
   0   0   4   5   0   0   0   1   8   0   0   0   0   0
   0   0   8  11   9   8  17  11   7   8   4   0   0   0
   0   0   4  16  17  16  12  10   8   0   0   0   0   1
   0   0  14  15  13   6  10   3   1   0   0   0   0   6
   9  14  16  12  13  13   9   2   4   0   0   0   7   3
  13  15  15  10  17  18  16   6   0   0   0   0   4   6
   8   6   7  11  11  18  19   9   1   0   0   0   6   7
