 1002  1014  1016  1028  1057  1059  1070  1088  1092  1097  1110  1114  1129  1152  1156  1165  1176  1184  1194  1201 
 1206  1220  1227  1238  1244  1252  1267  1285  1290  1304  1306  1321  1329  1333  1339  1340  1344  1350  1354  1360 
 1374  1377  1378  1388  1399  1407  1413  1414  1419  1428  1429  1437  1438  1443  1460  1467  1469  1471  1476  1482 
 1487  1490  1503  1517  1535  1591  1594  1609  1612  1615  1622  1637  1638  1641  1642  1650  1676  1683  1689  1699 
 1715  1727  1733  1743  1748  1767  1774  1776  1777  1778  1793  1799  1802  1803  1809  1824  1839  1841  1847  1880 
 1885  1903  1911  1918  1921  1939  1943  1947  1956  1977  1980  1985  1988  1989  1990  1996  2006  2009  2014  2019 
 2037  2038  2051  2066  2080  2089  2098  2100  2119  2122  2125  2128  2138  2143  2148  2158  2163  2168  2177  2180 
 2181  2194  2200  2212  2225  2231  2233  2240  2267  2285  2286  2314  2320  2323  2335  2338  2346  2350  2357  2358 
 2366  2393  2411  2418  2429  2437  2438  2453  2468  2484  2486  2489  2497  2500  2502  2503  2510  2512  2532  2540 
 2550  2557  2563  2567  2588  2595  2603  2621  2630  2640  2653  2667  2687  2688  2693  2700  2719  2720  2746  2747 
 2757  2768  2779  2802  2806  2807  2823  2824  2830  2832  2839  2844  2861  2876  2885  2900  2904  2911  2917  2938 
 2946  2951  2959  2964  2970  2973  2981  2984  2985  3019  3024  3046  3056  3067  3082  3101  3113  3144  3148  3149 
 3160  3164  3169  3175  3182  3188  3204  3205  3209  3224  3235  3237  3251  3264  3268  3281  3282  3289  3292  3308 
 3311  3322  3334  3335  3343  3346  3357  3374  3378  3388  3393  3416  3427  3434  3435  3438  3447  3452  3454  3462 
 3474  3512  3519  3523  3528  3553  3555  3570  3576  3593  3619  3630  3637  3647  3651  3656  3658  3664  3669  3679 
 3701  3709  3713  3733  3738  3749  3757  3771  3779  3786  3792  3797  3802  3810  3820  3838  3840  3842  3864  3889 
 3894  3913  3915  3919  3930  3940  3968  3978  3993  3997  4002  4021  4023  4026  4027  4029  4038  4055  4057  4069 
 4072  4081  4097  4109  4116  4135  4149  4153  4182  4185  4210  4214  4230  4232  4240  4263  4265  4271  4275  4292 
 4304  4305  4311  4312  4316  4317  4322  4334  4335  4351  4361  4385  4390  4392  4395  4406  4421  4435  4439  4465 
 4489  4492  4494  4505  4508  4511  4513  4526  4533  4534  4556  4570  4571  4572  4591  4592  4594  4605  4615  4620 
 4621  4626  4636  4646  4656  4663  4666  4673  4700  4707  4714  4717  4735  4748  4756  4761  4762  4780  4781  4800 
 4801  4819  4849  4850  4866  4879  4884  4894  4907  4911  4913  4918  4920  4921  4925  4929  4933  4948  4955  4956 
 4957  4964  4994  5012  5021  5022  5025  5039  5069  5072  5074  5078  5093  5095  5103  5107  5111  5127  5135  5147 
 5164  5177  5187  5208  5212  5219  5224  5226  5237  5238  5239  5250  5251  5252  5278  5281  5285  5286  5316  5334 
 5342  5354  5361  5380  5381  5383  5386  5390  5401  5403  5411  5423  5433  5434  5442  5447  5453  5461  5464  5469 
 5472  5476  5482  5484  5489  5496  5499  5504  5507  5520  5525  5558  5562  5567  5569  5604  5623  5628  5635  5636 
 5642  5671  5682  5702  5711  5730  5739  5742  5749  5751  5752  5756  5765  5772  5786  5789  5795  5806  5811  5812 
 5816  5825  5830  5831  5839  5852  5861  5866  5874  5877  5885  5887  5898  5910  5912  5915  5916  5924  5932  5942 
 5948  5955  5959  5980  6029  6039  6043  6050  6059  6060  6083  6088  6122  6123  6131  6132  6158  6165  6169  6173 
 6180  6201  6204  6209  6212  6214  6228  6230  6231  6239  6241  6242  6247  6255  6259  6261  6262  6268  6281  6297 
 6308  6317  6321  6324  6334  6337  6339  6343  6344  6361  6362  6367  6374  6388  6389  6404  6409  6410  6415  6450 
 6454  6459  6483  6490  6493  6494  6500  6505  6518  6519  6520  6531  6536  6561  6563  6570  6576  6608  6609  6616 
 6621  6624  6626  6627  6641  6649  6650  6679  6684  6690  6705  6709  6739  6757  6761  6796  6812  6813  6827  6835 
 6838  6840  6843  6845  6860  6875  6883  6895  6897  6908  6915  6916  6920  6963  6972  6976  6987  6993  7002  7008 
 7021  7041  7042  7048  7051  7070  7071  7083  7085  7089  7091  7100  7109  7131  7146  7161  7174  7191  7212  7227 
 7228  7236  7264  7270  7275  7281  7291  7302  7304  7305  7314  7323  7334  7338  7399  7405  7412  7426  7429  7431 
 7434  7460  7472  7481  7489  7497  7499  7501  7515  7522  7533  7547  7549  7559  7579  7580  7590  7591  7592  7604 
 7634  7640  7645  7648  7651  7653  7658  7659  7663  7672  7715  7722  7729  7733  7771  7775  7780  7781  7784  7793 
 7800  7810  7818  7821  7830  7866  7883  7890  7891  7896  7898  7918  7920  7926  7928  7931  7936  7946  7951  7956 
 7967  7982  8002  8004  8015  8026  8041  8050  8051  8082  8085  8089  8116  8117  8121  8122  8123  8132  8139  8147 
 8175  8178  8186  8189  8190  8195  8198  8200  8202  8208  8214  8217  8229  8230  8238  8245  8252  8267  8275  8320 
 8322  8328  8337  8338  8342  8359  8360  8368  8400  8404  8417  8418  8434  8437  8463  8468  8471  8483  8486  8496 
 8499  8537  8549  8556  8558  8574  8584  8587  8597  8602  8611  8616  8646  8649  8655  8661  8676  8680  8687  8688 
 8719  8739  8754  8763  8768  8776  8791  8809  8824  8825  8829  8839  8869  8874  8896  8897  8906  8918  8926  8938 
 8955  8962  8965  8976  8989  8994  9007  9026  9033  9035  9039  9042  9061  9063  9065  9075  9078  9086  9088  9097 
 9100  9106  9107  9111  9113  9129  9136  9141  9143  9144  9146  9157  9159  9165  9168  9197  9209  9221  9222  9225 
 9275  9278  9287  9292  9300  9301  9306  9318  9323  9327  9335  9350  9357  9362  9364  9387  9398  9402  9403  9410 
 9418  9422  9424  9437  9458  9459  9464  9468  9481  9490  9508  9510  9518  9525  9534  9553  9558  9560  9562  9589 
 9614  9617  9626  9649  9670  9685  9690  9698  9724  9728  9742  9745  9749  9766  9768  9778  9779  9782  9784  9802 
 9824  9839  9841  9842  9843  9854  9869  9872  9889  9891  9901  9918  9922  9938  9942  9946  9970  9974  9990  9994 
