 7235   8978   8555   9777   1056   2729   7250   7355   2416   3490   9554   1231   2172   6689   5207   3251   5364   2074   1315   8244  
 7375   2420   1203   4243   7904   4681   7476   3071   3266   8373   4382   9223   6729   9194   4833   2030   6128   5379   5544   8596  
 1610   1733   9723   6809   8840   8495   5790   7384   3153   1753   1139   2609   4791   2190   9673   9121   4997   2662   7719   1717  
 8173   6574   8819   6748   4625   1578   3431   5750   2908   3921   6051   7885   2296   3916   8636   3086   8714   6425   2481   7576  
 7565   1907   9101   6693   1475   2200   5193   4904   8616   5640   4459   8741   9535   5775   5041   3346   8880   5814   7293   6806  
 2431   8647   1078   1997   7294   6379   5639   4115   8460   3300   2999   3504   9977   1034   2390   8147   1877   8610   9282   9354  
 5165   3190   7579   4645   1825   9946   9582   6227   3267   7207   7313   6473   5081   4250   8785   6320   6580   9191   7972   9038  
 4735   4959   6253   9954   2442   6621   9132   7247   4079   9053   1770   6339   5335   2993   4274   8637   4051   8513   1494   4357  
 4168   9518   9700   1021   6800   5358   9613   9564   2015   3538   8021   4177   6421   5142   1435   2740   1432   9031   9096   1561  
 9883   2827   9128   2315   7888   9781   9332   2007   8925   5823   3748   3671   2980   2435   8996   5458   5160   9516   5483   5692  
 8900   5987   6072   4169   9752   4883   7961   8698   9903   4815   7470   9478   9532   2269   3735   1784   7997   3167   4881   5482  
 7943   1624   2973   9378   7878   8810   5842   3013   2175   7686   3175   2235   5571   2803   1719   8071   7079   6635   4967   1349  
 4798   9246   9218   9347   9927   3768   2280   8838   9169   6162   7456   4333   8729   6445   7166   3230   1652   6876   5721   8667  
 3647   1159   9179   7564   1651   7180   7827   1908   1632   1722   5063   7623   4067   8029   9466   8315   2489   3707   3285   4133  
 2675   6687   2755   2585   5251   5382   9699   3909   1437   4882   4672   8140   5473   1589   9791   2097   9356   2958   3908   3873  
 5904   9963   7059   2630   5106   7725   8099   8212   7839   4319   8506   3183   6945   7176   8725   6629   4036   4715   5626   4785  
 8056   1377   2544   6988   2006   4231   6103   1291   4782   8947   9647   6451   8640   8532   4293   9434   9210   4362   2807   1321  
 6225   3985   4400   6416   8979   6092   6297   4755   2093   5143   2914   3152   4021   8164   9552   3456   7321   7642   2101   9577  
 7819   3435   9328   9171   3896   6840   9093   5499   1341   8060   4237   1945   5321   1212   4300   1690   7953   1120   7251   5276  
 5480   3831   1268   7814   9951   2758   8577   3895   9938   4705   4749   4657   3212   2569   4663   5689   8471   9389   5397   6981  
 4465   3821   4107   7073   1200   4664   6547   2013   2974   5822   8869   4495   7160   9776   8400   4236   9266   9001   4635   3654  
 1417   6513   5155   5564   9501   3116   1829   6504   3704   5663   3878   3459   7836   3911   8966   1010   6546   3159   9843   9850  
 8626   2123   2927   4822   7314   8261   3312   1309   7366   4263   7649   5008   4523   5333   8836   5685   3493   5434   4016   9287  
 9091   3495   6815   9457   4135   8866   9157   2415   1577   3798   8318   8852   1528   8069   7058   7042   9674   2425   1529   5497  
 8474   6351   6544   3110   8656   6549   2334   9379   1884   1809   6233   2464   9077   6232   4769   3756   5542   9981   5807   2216  
 3866   4281   8997   8972   1956   4754   5353   2003   2703   3658   9225   9422   1054   1741   4186   5996   4373   9919   7307   4477  
 8982   2407   2239   6746   4279   7490   9923   9892   5959   9398   7902   5624   4573   3342   3185   5783   1533   3184   5290   7982  
 8209   1077   4772   6769   4066   8828   3719   5717   6312   9473   6220   3177   5373   9160   6247   5313   3785   6728   5324   8582  
 7818   1515   4095   2723   9446   6823   7277   2386   2859   6439   9325   8634   4227   1960   5404   9960   1014   9939   8124   6582  
 2480  